# wpisanie wartości do odpowiednich tabel:
import numpy as np

xx = np.array([[0.0,0.0],
               [0.0,0.75],
               [0.0,1.0],
               [0.05,0.05],
               [0.05,0.35],
               [0.1,0.5],
               [0.1,0.9],
               [0.15,0.7],
               [0.2,0.1],
               [0.2,0.3],
               [0.2,0.9],
               [0.25,0.2],
               [0.3,0.55],
               [0.35,0.35],
               [0.35,0.75],
               [0.4,0.15],
               [0.4,0.5],
               [0.4,0.9],
               [0.45,0.4],
               [0.5,0.25],
               [0.5,0.6],
               [0.5,0.95],
               [0.55,0.05],
               [0.55,0.75],
               [0.6,0.5],
               [0.65,0.3],
               [0.7,0.6],
               [0.7,0.85],
               [0.75,0.1],
               [0.8,0.3],
               [0.8,0.45],
               [0.8,0.95],
               [0.9,0.0],
               [0.9,0.2],
               [0.9,0.65],
               [0.95,0.5],
               [0.95,0.9],
               [1.0,0.0],
               [1.0,0.2],
               [1.0,1.0]
               ])
d = np.array([0,0,1,0,0,0,1,0,0,0,1,0,0,0,1,0,0,1,0,0,1,1,0,1,1,0,1,1,0,1,1,1,0,1,1,1,1,0,1,1])

